#问卷的ID
ID = 84632275

#问卷的网址
WJX_URL = "https://www.wjx.cn/jq/{}.aspx".format(ID)

#回答问卷的次数
ANSWER_TIMES =60

#西祠IP代理网址
IP_URL = 'https://www.kuaidaili.com/free/inha/'

#生成问卷的方式，r代表随机生成，p代表根据配置的概率生成，l代表有联动题目的生成
MODE = 'p'

#概率生成需要填充的常量
#每一题是单选还是多选，0代表单选，1代表多选,2代表排序，3代表填空,4代表矩阵,5代表多项填空
QUESTION_TYPE = [0,0,0,0,1, 0,0,0,0,0, 0,0,0,0,0, 0,0,0,0,0, 0,0,0,0,0, 3]

#每一题有多少个选项
SELECTION_COUNT = [5,5,2,5,4, 5,5,5,5,5, 5,5,5,5,5, 5,5,5,5,5, 5,5,5,5,5, 0]

#每个选项的概率，是一个二维列表
SELECTION_PORBABILITY = [
    [69,28,3,0,0],[33,15,36,13,3],[42,58],[53,32,7,6,2],[95,76,18,12],
    [0,0,1,61,38],[0,0,0,51,49],[0,0,3,60,37],[0,0,2,63,35],[0,3,6,59,32],
    [0,0,5,58,37],[0,5,9,48,38],[0,0,0,58,42],[0,0,1,60,39],[0,1,2,49,48],
    [2,8,12,48,30],[0,0,4,55,41],[0,0,5,53,42],[0,0,2,46,52],[0,0,5,57,38],
    [0,3,13,49,35],[0,1,8,54,37],[0,5,12,50,33],[2,4,7,49,38],[0,0,2,57,41],
    []
]

#成功数量
SUCCESS_TIMES = 0
