#问卷的ID
ID = 81568766

#问卷的网址
WJX_URL = "https://www.wjx.cn/jq/{}.aspx".format(ID)

#回答问卷的次数
ANSWER_TIMES = 1

#西祠IP代理网址
IP_URL = 'https://www.xicidaili.com/nn/'

#生成问卷的方式，r代表随机生成，p代表根据配置的概率生成，l代表有联动题目的生成
MODE = 'p'

#概率生成需要填充的常量
#每一题是单选还是多选，0代表单选，1代表多选,2代表排序，3代表填空,4代表矩阵
QUESTION_TYPE = [0,0,0,4,4, 4,4,1]

#每一题有多少个选项
SELECTION_COUNT = [2,3,3,5,5, 5,5,8]

#每个选项的概率，是一个二维列表
SELECTION_PORBABILITY = [
[46,54],[7,42,51],[31,46,23],
[[0,5,10,70,15],[0,0,17,59,24],[0,0,12,72,16],[0,2,7,71,20]],
[[0,8,35,53,4],[0,17,36,41,6],[0,5,31,52,12],[0,4,38,48,10]],
[[0,0,21,62,17],[0,0,18,67,15],[0,15,27,39,19],[0,13,29,49,9]],
[[0,3,15,71,11],[0,4,14,73,9],[0,0,7,79,14],[0,14,31,47,8]],
[62,83,54,79,82,23,16,0]
]

#成功数量
SUCCESS_TIMES = 0
