#问卷的ID
ID = 81119615

#问卷的网址
WJX_URL = "https://www.wjx.cn/jq/{}.aspx".format(ID)

#回答问卷的次数
ANSWER_TIMES = 205

#西祠IP代理网址
IP_URL = 'https://www.xicidaili.com/nn/'

#生成问卷的方式，r代表随机生成，p代表根据配置的概率生成，l代表有联动题目的生成
MODE = 'p'

#概率生成需要填充的常量
#每一题是单选还是多选，0代表单选，1代表多选,2代表排序，3代表填空,4代表矩阵
QUESTION_TYPE = [0,0,0,0,0, 0,0,0,0,0, 0,0,0,0,0, 0,0,0,0,0, 0,0,0,0,0, 0,0]

#每一题有多少个选项
SELECTION_COUNT = [2,2,5,5,5, 5,5,5,5,5, 5,5,5,5,5, 5,5,5,5,5, 5,5,5,5,5, 5,5]

#每个选项的概率，是一个二维列表
SELECTION_PORBABILITY = [
[50,50],[75,25],[0,9,57,30,4],[0,13,48,26,13],[0,30,48,17,5],
[0,0,22,52,26],[0,0,35,52,13],[0,17,40,30,13],[0,4,43,43,10],[0,30,48,17,5],
[4,39,39,13,5],[0,0,17,52,30],[0,0,13,52,35],[0,5,43,39,13],[0,4,22,57,17],
[0,4,52,31,13],[4,35,48,4,9],[0,13,70,13,4],[0,9,29,43,9],[0,17,30,35,18],
[9,13,52,22,4],[1,52,30,13,4],[0,21,58,26,5],[0,0,13,65,22],[1,17,43,30,9],
[4,39,35,17,5],[0,0,26,57,17]
]

#成功数量
SUCCESS_TIMES = 0
